0 0.962075 0.651686 0.024339 0.018750
0 0.622922 0.174648 0.014367 0.044378
0 0.543875 0.832014 0.010734 0.043310
0 0.604377 0.536957 0.023310 0.018295
0 0.592513 0.910688 0.010885 0.044836
0 0.529379 0.864197 0.010665 0.044049
0 0.855587 0.657520 0.023596 0.018536
0 0.545738 0.892872 0.010860 0.046832
0 0.271656 0.556468 0.024816 0.019123
0 0.786544 0.641137 0.025734 0.019292
0 0.756282 0.608668 0.023676 0.018455
0 0.112799 0.594515 0.026635 0.020555
0 0.696750 0.671866 0.024869 0.018856
0 0.377534 0.549876 0.023788 0.018693
0 0.635677 0.109548 0.014431 0.044764
0 0.629352 0.062044 0.014181 0.045064
0 0.591233 0.822778 0.010570 0.042416
0 0.247117 0.673691 0.024894 0.019181
0 0.557560 0.837871 0.010771 0.042152
0 0.110521 0.712930 0.026857 0.020646
0 0.609192 0.167136 0.013946 0.042131
0 0.219659 0.592013 0.022817 0.017224
0 0.551698 0.272333 0.013953 0.042905
0 0.586258 0.108539 0.014638 0.043643
0 0.383016 0.606754 0.025797 0.019014
0 0.875519 0.629932 0.021688 0.017077
0 0.515234 0.378191 0.012576 0.042596
0 0.580095 0.937045 0.010048 0.042137
0 0.650623 0.039260 0.013272 0.041670
0 0.885148 0.545285 0.027218 0.019062
0 0.743355 0.557350 0.026173 0.019213
2 0.193593 0.563219 0.039258 0.025491
0 0.007390 0.291501 0.013855 0.040558
0 0.532705 0.932776 0.009699 0.037600
0 0.579188 0.298549 0.015036 0.043276
0 0.600881 0.047701 0.014351 0.043142
1 0.917872 0.601439 0.039025 0.021446
2 0.576956 0.857432 0.013331 0.064456
0 0.575530 0.237629 0.014414 0.040731
0 0.563913 0.291827 0.014028 0.043197
0 0.047750 0.180675 0.012499 0.037246
0 0.562257 0.888435 0.010607 0.041995
0 0.321924 0.614857 0.025949 0.018749
0 0.552135 0.354872 0.014395 0.042399
0 0.584770 0.357847 0.013385 0.040663
0 0.587726 0.188105 0.013436 0.037762
2 0.708894 0.641179 0.039625 0.024859
0 0.590792 0.239686 0.015172 0.043023
0 0.993294 0.621857 0.013412 0.015932
2 0.527357 0.624603 0.024398 0.017863
2 0.571371 0.183452 0.020821 0.058949
0 0.454996 0.652184 0.020748 0.017461
0 0.565747 0.363815 0.013837 0.041663
0 0.021537 0.309200 0.016081 0.041652
0 0.537148 0.340629 0.014695 0.040782
0 0.597692 0.296252 0.012883 0.040818
0 0.005964 0.404258 0.010284 0.038354
0 0.598955 0.127489 0.013106 0.037598
0 0.070737 0.090695 0.012144 0.038213
2 0.523253 0.567309 0.026915 0.019406
0 0.613976 0.059447 0.014889 0.044992
0 0.628148 0.617288 0.026867 0.019229
2 0.549430 0.098974 0.015227 0.049064
3 0.603517 0.250395 0.007296 0.023686
3 0.909954 0.473156 0.014909 0.011279
0 0.863481 0.475694 0.023475 0.017483
3 0.587339 0.723833 0.006027 0.023122
3 0.547844 0.934469 0.005076 0.020302
1 0.532459 0.983871 0.012372 0.032258
