1 0.225296 0.251856 0.060110 0.025828
0 0.065727 0.234510 0.024922 0.019718
0 0.094463 0.657062 0.020620 0.017129
0 0.062484 0.657134 0.023650 0.018063
0 0.039199 0.714321 0.023895 0.018045
0 0.614847 0.970537 0.012086 0.044688
0 0.203213 0.684533 0.022734 0.017385
0 0.250999 0.630797 0.022200 0.017956
0 0.684150 0.665076 0.022204 0.018369
0 0.938378 0.693239 0.023759 0.019241
0 0.122160 0.711058 0.023026 0.017791
0 0.202397 0.741678 0.022963 0.018022
0 0.127409 0.656780 0.023372 0.017576
0 0.524031 0.674135 0.022841 0.018032
0 0.400115 0.257012 0.022760 0.018622
0 0.138330 0.738896 0.024202 0.018443
0 0.272132 0.657276 0.023470 0.017796
0 0.768027 0.721754 0.022061 0.016790
0 0.133799 0.684124 0.023908 0.019041
0 0.660847 0.269549 0.024098 0.020197
0 0.284901 0.630479 0.023657 0.017962
0 0.992217 0.721746 0.014496 0.016816
0 0.180749 0.709599 0.022861 0.017546
0 0.331827 0.734264 0.022629 0.018031
0 0.020832 0.741082 0.024386 0.018732
0 0.604189 0.295597 0.024470 0.019254
0 0.319247 0.283241 0.022396 0.017468
0 0.513671 0.702942 0.023632 0.018650
0 0.486945 0.260000 0.022554 0.018723
0 0.316754 0.629236 0.022862 0.016900
0 0.285150 0.683049 0.024418 0.018711
0 0.101854 0.740333 0.024458 0.019051
0 0.313717 0.654442 0.022843 0.017687
0 0.722002 0.325855 0.024498 0.018001
0 0.437015 0.288210 0.023275 0.018512
0 0.945486 0.296832 0.024802 0.019309
0 0.744703 0.274255 0.023189 0.018710
0 0.987800 0.268169 0.023953 0.018663
0 0.577237 0.696451 0.022781 0.017812
0 0.178092 0.286363 0.025437 0.019036
0 0.557005 0.263529 0.024030 0.018908
0 0.844124 0.718872 0.021089 0.016565
0 0.456338 0.014275 0.014166 0.028133
0 0.534827 0.289783 0.023619 0.018521
0 0.773026 0.659605 0.021161 0.016925
0 0.628741 0.696495 0.022556 0.017357
0 0.426899 0.224434 0.024139 0.019517
0 0.858486 0.663437 0.022835 0.017827
0 0.533803 0.230113 0.021808 0.018998
0 0.321974 0.707819 0.022278 0.017799
0 0.480508 0.736800 0.022126 0.017829
0 0.352804 0.654364 0.023908 0.017828
0 0.012870 0.689055 0.022053 0.018065
0 0.463604 0.711920 0.020782 0.016974
0 0.747751 0.690817 0.022907 0.018513
0 0.675829 0.722247 0.020971 0.016976
0 0.652083 0.790801 0.015803 0.039157
0 0.818662 0.245603 0.025317 0.019840
0 0.834618 0.294147 0.024282 0.018922
0 0.350937 0.628916 0.022429 0.016883
0 0.070317 0.684569 0.025477 0.020217
0 0.707540 0.298202 0.022545 0.017441
0 0.375194 0.681137 0.019630 0.016009
0 0.613838 0.239423 0.022354 0.018583
0 0.221138 0.630012 0.024404 0.018524
1 0.705069 0.243590 0.037472 0.021233
0 0.592051 0.666639 0.018633 0.017804
0 0.814021 0.691421 0.019084 0.016031
0 0.382557 0.708588 0.021146 0.017053
0 0.928817 0.230062 0.024602 0.018586
0 0.462116 0.677031 0.018250 0.016667
2 0.568402 0.727650 0.038653 0.023849
0 0.162861 0.659112 0.023492 0.017347
2 0.297501 0.223210 0.042728 0.025220
2 0.043402 0.909205 0.023068 0.070662
2 0.221288 0.658753 0.044488 0.023081
2 0.057060 0.909055 0.020855 0.069826
0 0.471259 0.010250 0.012275 0.020500
2 0.071393 0.905743 0.020439 0.068347
2 0.029918 0.907773 0.020691 0.070476
2 0.086475 0.903816 0.021547 0.068118
0 0.312450 0.253605 0.019698 0.017230
2 0.897070 0.265439 0.022803 0.018544
2 0.499962 0.944023 0.013099 0.060376
