0 0.617923 0.892363 0.012065 0.033980
0 0.387350 0.187448 0.015048 0.044488
0 0.920420 0.325258 0.023554 0.018682
0 0.132646 0.361797 0.022834 0.017888
0 0.481524 0.231059 0.017885 0.035589
0 0.320508 0.039162 0.015811 0.044039
0 0.989424 0.939100 0.020522 0.026032
0 0.347453 0.225459 0.013051 0.037368
0 0.986977 0.912469 0.022985 0.023984
0 0.315763 0.094973 0.015746 0.042379
0 0.336929 0.105687 0.015424 0.040802
0 0.330799 0.168839 0.015458 0.043247
0 0.451180 0.401987 0.024127 0.019228
0 0.388021 0.123845 0.012526 0.039659
0 0.967730 0.845042 0.024421 0.028285
0 0.591093 0.836480 0.014912 0.035346
0 0.369087 0.171455 0.014639 0.040330
0 0.273808 0.360296 0.023659 0.019498
0 0.411994 0.354093 0.024593 0.020136
0 0.299552 0.019296 0.013401 0.037307
0 0.075198 0.385159 0.019022 0.016588
1 0.636640 0.961693 0.026877 0.076613
0 0.975982 0.867145 0.025164 0.027620
0 0.417703 0.180009 0.015057 0.037199
0 0.627615 0.864284 0.015485 0.045298
0 0.399880 0.176208 0.015242 0.038614
0 0.644678 0.936745 0.015355 0.042783
0 0.348563 0.163269 0.016159 0.043031
0 0.252127 0.387881 0.021395 0.018548
0 0.352247 0.105494 0.014900 0.043524
0 0.607160 0.839090 0.013255 0.030749
0 0.372623 0.059888 0.014946 0.043846
0 0.477964 0.268585 0.020303 0.033572
0 0.304166 0.525048 0.021949 0.017629
0 0.655516 0.842682 0.014038 0.038799
0 0.487647 0.183064 0.012691 0.031115
0 0.641553 0.853307 0.013679 0.037041
1 0.191052 0.489576 0.018716 0.061173
1 0.661048 0.936871 0.022494 0.064000
0 0.936948 0.951243 0.018225 0.020931
0 0.980650 0.886817 0.025185 0.024366
0 0.161298 0.984955 0.027390 0.021114
2 0.315270 0.579773 0.031995 0.020022
0 0.935994 0.930513 0.012803 0.021422
0 0.926078 0.904405 0.018577 0.025438
2 0.498937 0.369974 0.041421 0.026777
